STARTING AT Wed May 25 11:58:25 CEST 2022
learning_rate: 0.03488868475213808
weight_decay: 2.0383942628999035e-05
nb_features: 2
FINISHED at Wed May 25 16:45:32 CEST 2022

